B8.0V -0.31 -0.03 0.2 0.34 0.43 0.02 0.06 0.16 -1.0 12500 3.8
B9.0V -0.05 0.21 0.42 0.56 0.64 0.21 0.22 0.29 -0.35 10700 3.35
A0.0V 0.34 0.57 0.77 0.9 0.97 0.51 0.51 0.54 0.3 9700 2.9
A1.0V 0.67 0.87 1.06 1.18 1.24 0.78 0.76 0.79 0.7 9200 2.65
A2.0V 1.02 1.19 1.36 1.48 1.54 1.07 1.03 1.06 1.1 8840 2.4
A3.0V 1.24 1.38 1.54 1.65 1.7 1.21 1.17 1.2 1.32 8550 2.267
A4.0V 1.41 1.52 1.67 1.77 1.81 1.3 1.24 1.28 1.53 8270 2.133
A5.0V 1.65 1.73 1.86 1.96 2.0 1.46 1.41 1.44 1.75 8080 2.0
A6.0V 1.87 1.92 2.03 2.12 2.15 1.6 1.54 1.58 1.92 8000 1.9
A7.0V 2.02 2.03 2.13 2.21 2.23 1.67 1.59 1.63 2.08 7800 1.8
A8.0V 2.2 2.18 2.26 2.33 2.36 1.77 1.67 1.71 2.26 7500 1.733
A9.0V 2.46 2.41 2.46 2.53 2.55 1.93 1.83 1.86 2.43 7440 1.667
F0.0V 2.67 2.58 2.62 2.67 2.69 2.04 1.92 1.95 2.61 7200 1.6
F1.0V 2.84 2.72 2.73 2.76 2.78 2.12 1.97 1.98 2.75 7030 1.55
F2.0V 3.02 2.86 2.84 2.86 2.88 2.2 2.02 2.02 2.89 6810 1.5
F3.0V 3.35 3.15 3.11 3.11 3.14 2.42 2.23 2.23 3.13 6720 1.417
F4.0V 3.66 3.42 3.36 3.35 3.37 2.63 2.42 2.43 3.37 6640 1.333
F5.0V 3.96 3.68 3.59 3.57 3.59 2.83 2.6 2.61 3.61 6510 1.25
F6.0V 4.2 3.89 3.78 3.74 3.76 2.96 2.71 2.72 3.82 6340 1.223
F7.0V 4.48 4.12 3.99 3.94 3.96 3.13 2.88 2.88 4.03 6240 1.197
F8.0V 4.75 4.36 4.21 4.15 4.17 3.31 3.05 3.06 4.24 6150 1.17
F9.0V 4.91 4.49 4.33 4.26 4.27 3.4 3.13 3.13 4.35 6040 1.14
G0.0V 5.04 4.59 4.42 4.34 4.35 3.47 3.19 3.18 4.47 5920 1.11
G1.0V 5.13 4.66 4.49 4.4 4.41 3.52 3.22 3.21 4.53 5880 1.085
G2.0V 5.16 4.68 4.5 4.41 4.42 3.52 3.19 3.18 4.6 5770 1.06
G3.0V 5.27 4.78 4.59 4.5 4.51 3.61 3.27 3.26 4.7 5720 1.053
G4.0V 5.38 4.87 4.69 4.59 4.6 3.69 3.35 3.34 4.79 5680 1.047
G5.0V 5.48 4.97 4.78 4.68 4.69 3.78 3.44 3.42 4.89 5660 1.04
G6.0V 5.62 5.1 4.91 4.81 4.81 3.9 3.54 3.52 5.03 5590 1.02
G7.0V 5.79 5.25 5.05 4.95 4.95 4.03 3.67 3.65 5.16 5530 1.0
G8.0V 5.94 5.38 5.17 5.06 5.06 4.13 3.76 3.74 5.3 5490 0.98
G9.0V 6.17 5.58 5.37 5.25 5.24 4.3 3.91 3.89 5.49 5340 0.94
K0.0V 6.39 5.76 5.54 5.41 5.4 4.43 4.03 4.0 5.69 5280 0.9
K1.0V 6.67 5.99 5.75 5.61 5.59 4.61 4.18 4.15 5.89 5170 0.86
K2.0V 6.96 6.21 5.94 5.78 5.75 4.75 4.29 4.26 6.08 5040 0.82
K3.0V 7.32 6.48 6.17 5.99 5.94 4.92 4.41 4.37 6.32 4840 0.785
K4.0V 7.68 6.75 6.37 6.16 6.1 5.04 4.49 4.43 6.55 4620 0.75
K5.0V 8.09 7.07 6.62 6.37 6.29 5.2 4.63 4.56 6.68 4450 0.7
K6.0V 8.31 7.22 6.69 6.42 6.32 5.22 4.59 4.49 6.78 4200 0.665
K7.0V 8.51 7.38 6.8 6.5 6.4 5.29 4.64 4.52 6.89 4050 0.63
K8.0V 8.81 7.66 7.04 6.74 6.62 5.5 4.85 4.72 7.13 3970 0.617
K9.0V 9.11 7.94 7.29 6.96 6.84 5.71 5.07 4.92 7.36 3880 0.603
M0.0V 9.46 8.27 7.56 7.21 7.08 5.93 5.3 5.15 7.6 3850 0.59
M1.0V 9.99 8.76 7.94 7.55 7.4 6.24 5.64 5.45 7.97 3680 0.54
M2.0V 10.8 9.54 8.54 8.06 7.88 6.68 6.07 5.87 8.44 3550 0.42
M3.0V 11.9 10.61 9.35 8.76 8.53 7.28 6.7 6.48 9.09 3400 0.29
M4.0V 13.27 11.97 10.41 9.68 9.39 8.06 7.53 7.26 9.92 3200 0.2
M5.0V 15.03 13.69 11.84 10.97 10.61 9.19 8.65 8.35 11.01 3050 0.15
M6.0V 16.58 15.18 13.03 12.01 11.56 10.04 9.46 9.12 12.06 2800 0.12
M7.0V 17.88 16.38 13.95 12.73 12.14 10.56 10.01 9.57 12.7 2650 0.11
M8.0V 19.05 17.45 14.73 13.34 12.62 10.94 10.36 9.87 13.13 2570 0.102
M9.0V 20.05 18.33 15.31 13.83 13.02 11.21 10.59 10.09 13.43 2450 0.088
